5.058799989192975383e-02 -1.901134666004649504e-02 -1.494321268855362296e-03 1.126637193538969524e-02 9.327624525175588419e-03 3.794287116075053395e-02 3.823256901407153657e-02 -2.336796726976861935e-04 8.759120122710852344e-03 -3.305266778435562817e-03 8.938802268211357149e-02 7.432576038461086165e-02 -2.661365943175832971e-01 1.077517588761354311e-01 -2.577267266032359228e-01
1.355195890024593619e-01 6.897203215413097444e-02 3.309502966960514020e-02 6.142635717706575876e-02 5.658945450318908499e-02 -1.903271373414202813e-02 -6.378482837779891890e-02 1.000345184764116040e-02 7.296227436656843243e-03 -2.191557360033731180e-02 4.877320415057364439e-03 -1.412702148066540819e-01 1.971844694339704718e-01 -1.139196076522569628e-01 -5.092916672198397610e-01
-1.592451943864647279e-01 -1.889527365195371178e-01 -1.848452329349836998e-01 -1.711765000596038033e-01 -6.702823613977113015e-02 -1.327077306468176822e-02 1.622888401729120911e-02 -5.465717789156436524e-03 6.780987238446843472e-03 -9.768292890422787186e-03 -3.222925970046642830e-01 2.345993223363080360e-01 7.574565464404410531e-02 5.732462309311189136e-02 6.154291110106676621e-01
-1.548114008453159440e-01 -1.814542284404647154e-01 -1.844819043085753063e-01 -1.465171898965945407e-01 -5.691787206072451005e-02 1.904008463656174308e-02 1.391742523323090917e-02 -1.018827238619463178e-02 -8.924091792961363553e-03 -2.629761209561766368e-03 -7.101590361999469969e-02 1.275671613303313023e-01 3.510345603693396099e-02 4.837776096820441130e-02 6.573478223386037822e-01
-9.867412630828555076e-03 -2.737036646785941107e-02 -1.284590838048831757e-02 1.694603723772656126e-02 -3.247465520414849396e-03 8.085490009148361620e-03 -1.448187153995243379e-02 -1.771858863307763585e-02 -8.718316387135639778e-03 7.706485696310756510e-05 1.540872784328231951e-02 4.185907706246956572e-02 -2.386640125570924434e-02 2.914947804155688937e-02 1.345249854148242441e-01
9.659348878677485872e-02 4.512053743353125479e-02 -2.426177495057738748e-02 -2.503879367703368275e-02 -8.709034906638173437e-03 -2.539396284520487393e-02 -1.834009350232214744e-02 -4.732534301593057866e-03 -2.681292458174085094e-03 -6.959033288758116262e-03 -1.358504809498573274e-01 6.664144450348234716e-03 -3.022266332396545546e-02 -1.101975054362811304e-02 1.006124197183806829e-01
1.224879001352531804e-01 8.906888763982899471e-02 3.625453056930209861e-02 7.579822409871414535e-02 -1.025172692513096236e-02 2.737843761311664972e-02 3.495996860729232159e-03 -4.603387394807040810e-03 -1.180971894916999637e-02 4.368407862262626250e-03 -1.030028058729653695e-01 2.018260193085357271e-02 -2.859511956125222049e-02 7.165410324444468782e-04 -3.144538826009626864e-01
-3.895489540641067783e-01 4.824255366423772090e-02 4.159153096729460430e-01 3.365847255876590616e-01 1.471866164267650046e-01 -1.175958022881781057e-01 3.215061632405592090e-02 3.946862881984459365e-02 3.863149846149613320e-02 4.519095372125876003e-02 8.273111461590625382e-01 -4.445665495521138877e-01 -2.238505955570430916e-01 -5.881621500046360640e-02 2.104884747248062238e-01
5.336464725913628998e-02 2.640161632654463783e-03 -4.515159618438786132e-02 -5.966294297649674810e-02 -2.435439805477240816e-02 2.803421140075122026e-02 -1.822438462617174265e-02 -1.679159700779209174e-02 -1.030474097631006725e-02 -1.230721008429023480e-03 3.358238434134749352e-03 -9.942460314440167146e-02 1.802198953895643718e-01 -8.880060931487213094e-02 -2.536311512241462007e-01
6.208052835638785960e-02 3.948977358225987111e-02 -2.914040041647708926e-02 -6.499607404118371012e-02 -8.246368558701400175e-02 2.794803394872409641e-02 7.517945764225684308e-03 -2.410278008605067773e-02 -2.611215988165213261e-02 -1.011146421937131334e-02 8.614744727709666705e-02 -3.360940344783765882e-02 -8.314620897845914627e-02 1.292725043878818932e-02 -2.826792767231149917e-01
2.461250721995759602e-02 -2.241695885522046114e-02 -6.271560657062369426e-02 -5.402106904910950608e-02 5.513049601377367943e-03 2.171755599265460038e-02 -1.350897740492871570e-02 9.576567552437567285e-03 4.745923936573876595e-03 7.691173858302605137e-03 -1.084191492910543397e+00 5.827960039333801578e-01 4.214762246421097647e-01 5.054964860490777923e-02 3.127909302460373376e-04
1.682263013443389688e-01 1.456716909100158053e-01 5.967187519690150127e-02 1.939085369868179601e-02 3.435567418088836256e-02 5.146567236470783388e-03 1.679671830580797831e-02 2.478790912172579991e-02 2.336563297813906617e-03 -1.407487243069288890e-03 6.898623776117029927e-01 -3.691233004074029878e-01 -2.539121170818679496e-01 -3.424087851491996320e-02 -1.009328997102884040e-01
